$ANSIBLE_VAULT;1.1;AES256
37366365323733346233326432323734386663383838663432353937333365323037663239383361
6535363931373863346437393532373537633837363261650a396336313863663131333431353265
66386362316138643333323135303435613939616134333238633366626562353433643331356132
3463356231623434300a653730353063636666306562373861313938303335356263363436383564
33386438346139373237323166616634656163613438333936613864383737316265326565373234
34323031316131353566313366303665613236316637646630356162303033313738373864653763
30373166653933643733646231623132633331313361663065343638353662613131663036623037
32306531376261633262623462376461303933663832313961623161343065383063303661376133
35373165626164396230353130353237313764383166303766386364303335313965363831303432
31383736346334353261663035653435326564323865363461363666613663643761623864353131
61643336303330346435396339303163373934643766356336373362346164643865366338323765
63373236333737366163623037373964383438623237323933333636636233376534656633663461
31343063613838663462666563643138643539343334313330373739633561633835373366333939
32326435326130373935373731333162636231343432386635383935646338646466333438393664
65643765613137313136663036646335343137336239626665353636643636386639386262643965
36386133396233376461346134643731303362666131376561383266643663373136396465313238
37353863393531653633626431653537366133666530356263306334633165316339616535386237
34616164653835333862336138623261613431613665613165616364346139636334353661623630
33393132663261353832376134643533653230643034323836343962383831366134646266333438
65373565346539383362326364343033323533323865636562636166393431313934373438656664
33386632643530373337663035343162363631353538393134303566626230643834383866393532
61633330386531383461363231626630303639353566383730643436623364333237343163366462
30396434303862613631373730383935633861343534303036353964343530363163623162343833
32633831353730623366633431623062623730636237306163623561623637316263626636633665
37363438323761376465626166356131333031333866313432636430333638366566383765376533
3034656233653833613331363330353861653436663137363632
